debt = 1000 * (( 1 + (10/100)) ^ 2)
