hundred = 100/9.58 * 18/5
marathon = 42.195/(2 + 1/60 + 39/(60 * 60))
